0.3099319584366264,0.08096418587478242,0.03188459306925471,0.01890922517010391,0.003665805158499921,0.016113719078010444,0.024473864655308826,0.0031119784798776307,0.0023735429083812437,0.017564217522021204,0.03338783691122949,0.4234664275541959,7.911809694604146e-05,0.022495912231657787,0.005010812806582625,0.000290099688802152,0.006276702357719289
0.11540933793022848,0.482557120317887,0.027873546426693156,0.019458890901653713,0.005901945889090166,0.017179921696955532,0.009524922573482149,0.007187518260971191,0.003915152223455853,0.018991410039151523,0.0066616022906562265,0.25699760416057965,0.00017530532343832176,0.016244959971951148,0.010576754514112078,0.0002921755390638696,0.0010518319406299305
0.1259774109470026,0.06559513466550826,0.37619461337966986,0.0140457573124819,0.006081668114682885,0.014480162177816391,0.0034752389226759338,0.005212858384013901,0.016507384882710686,0.017231392991601507,0.019258615696495802,0.3069794381697075,0.0008688097306689834,0.012742542716478424,0.011294526498696786,0.0,0.00405444540978859
0.08223510806536637,0.04625724828676858,0.01555086979441223,0.5010542962572483,0.0031628887717448603,0.01620980495519241,0.06483921982076964,0.008039008961518187,0.015023721665788086,0.012915129151291513,0.009488666315234581,0.2070374275171323,0.003558249868212968,0.010542962572482868,0.0031628887717448603,0.0,0.0009225092250922509
0.05466101694915254,0.05,0.01652542372881356,0.007203389830508475,0.6550847457627119,0.021610169491525423,0.001271186440677966,0.01864406779661017,0.01059322033898305,0.006355932203389831,0.009322033898305085,0.11949152542372882,0.001271186440677966,0.006355932203389831,0.01864406779661017,0.000423728813559322,0.002542372881355932
0.0713075619898352,0.04866779608809487,0.019713537655937162,0.01878946557831511,0.011704912983212691,0.32958570768519946,0.07916217464962268,0.008932696750346527,0.0220237178499923,0.015863237332511937,0.010934852918527645,0.321731095025412,0.003542276297551209,0.01001078084090559,0.0254119821346065,0.0007700600646850454,0.001848144155244109
0.12265415549597855,0.010589812332439679,0.004021447721179625,0.09705093833780161,0.0008042895442359249,0.04986595174262735,0.607372654155496,0.003485254691689008,0.020107238605898123,0.005361930294906166,0.0009383378016085791,0.058579088471849866,0.007774798927613941,0.007908847184986596,0.002412868632707775,0.00013404825737265417,0.0009383378016085791
0.023563091829993395,0.04096014093811936,0.009689495705791676,0.016295970050649637,0.007707553402334287,0.019158775600088086,0.0061660427218674305,0.698744769874477,0.016956617485135432,0.007487337590839022,0.0033032371724289805,0.13433164501211187,0.003743668795419511,0.009689495705791676,0.0015415106804668576,0.0004404316229905307,0.00022021581149526536
0.09994121105232216,0.018224573780129337,0.022535763276504018,0.03742896335488928,0.007054673721340388,0.013325494806976288,0.037820889672741526,0.01665686850872036,0.3445032333921223,0.007054673721340388,0.011561826376641191,0.35782872819909856,0.024103468547912992,0.001763668430335097,0.0001959631589261219,0.0,0.0
0.12526997840172785,0.07397408207343413,0.03806695464362851,0.014038876889848811,0.004859611231101512,0.028617710583153346,0.011069114470842332,0.005399568034557235,0.011879049676025918,0.4165766738660907,0.013498920086393088,0.22354211663066956,0.0005399568034557236,0.011879049676025918,0.0183585313174946,0.0,0.002429805615550756
0.2977123158884362,0.05640864932623002,0.03603885929175807,0.020683171419617674,0.01598245064243184,0.024757129426512064,0.006267627702914447,0.00407395800689439,0.012848636790974616,0.021936696960200563,0.24913820119084926,0.1936696960200564,0.001880288310874334,0.02005640864932623,0.010968348480100282,0.0,0.027577561892823566
0.03839642381586456,0.016520829370363324,0.007865702872360662,0.002453871029104052,0.0015217804831653035,0.0035571618793988967,0.002491915541183184,0.0016739585314818337,0.005611565531672056,0.0026916492295986304,0.001759558683659882,0.904517785809397,0.0005801788092067719,0.007846680616321095,0.002092448164352292,7.608902415826517e-05,0.00034240060871219326
0.02277294038847957,0.0013395847287340924,0.006697923643670462,0.018754186202277295,0.0,0.015405224380442064,0.03951774949765573,0.07434695244474213,0.038178164768921635,0.0013395847287340924,0.0020093770931011385,0.2116543871399866,0.4882786336235767,0.07970529135967849,0.0,0.0,0.0
0.12670839187635713,0.021714139736875717,0.01315621407587176,0.010473879167198876,0.0019159535061949162,0.008941116362242943,0.009835227998467238,0.0037041767786435047,0.005620130284838421,0.005620130284838421,0.005747860518584749,0.1698812108826159,0.008302465193511304,0.6022480521139354,0.0028100651424192106,0.0020436837399412443,0.0012773023374632775
0.0783744557329463,0.13497822931785197,0.059506531204644414,0.01741654571843251,0.04281567489114659,0.07910014513788098,0.02539912917271408,0.00725689404934688,0.00362844702467344,0.05878084179970972,0.03483309143686502,0.3483309143686502,0.0,0.018867924528301886,0.08635703918722787,0.0,0.0043541364296081275
0.03375527426160337,0.02109704641350211,0.008438818565400843,0.0,0.004219409282700422,0.016877637130801686,0.0,0.004219409282700422,0.004219409282700422,0.0,0.0,0.0759493670886076,0.0,0.05907172995780591,0.0,0.7721518987341772,0.0
0.2996575342465753,0.06506849315068493,0.03424657534246575,0.015410958904109588,0.0136986301369863,0.025684931506849314,0.032534246575342464,0.00684931506849315,0.003424657534246575,0.030821917808219176,0.09417808219178082,0.18664383561643835,0.0,0.018835616438356163,0.010273972602739725,0.0,0.16267123287671234
