0.2084534101825168,0.08261287223823247,0.022574447646493755,0.051152737752161385,0.011527377521613832,0.05043227665706052,0.08093179634966378,0.01585014409221902,0.32949087415946204,0.01921229586935639,0.027137367915465897,0.037463976945244955,0.00792507204610951,0.035302593659942365,0.011527377521613832,0.0007204610951008645,0.007684918347742555
0.040319583797844664,0.5351170568561873,0.015421776291341508,0.03530286138981791,0.007617985878855444,0.023411371237458192,0.015235971757710888,0.03641768859160163,0.21664808621330361,0.020066889632107024,0.007617985878855444,0.020810107766629504,0.0020438498699368265,0.013192121887774062,0.009847640282422892,0.0003716090672612412,0.0005574136008918618
0.014795678722404886,0.013621418506341005,0.1730859558478159,0.025129168623767028,0.006575857209957727,0.011507750117426021,0.0028182245185533112,0.0058713010803193985,0.6763738844527948,0.006575857209957727,0.013621418506341005,0.01737905119774542,0.006575857209957727,0.0185533114138093,0.007280413339596055,0.0,0.00023485204321277596
0.0160393498716852,0.014328485885372113,0.009908753920729969,0.5754205873966353,0.0026375819788993443,0.017322497861420018,0.04597946963216424,0.010193897918448817,0.2714570858283433,0.004704875962360992,0.00392072996863416,0.013401767892785858,0.007627601938979185,0.006130595950955232,0.000427715996578272,7.128599942971201e-05,0.000427715996578272
0.006899350649350649,0.00872564935064935,0.004464285714285714,0.006696428571428571,0.8368506493506493,0.00974025974025974,0.002435064935064935,0.003246753246753247,0.1028814935064935,0.002029220779220779,0.002029220779220779,0.004058441558441558,0.0014204545454545455,0.0016233766233766235,0.005681818181818182,0.0012175324675324675,0.0
0.019013928808313065,0.017908467831085562,0.021667035153659076,0.03758567322573513,0.005858943179305771,0.219212911784214,0.09241653769621933,0.012491709042670794,0.4813177094848552,0.007517134645147026,0.007959319036038028,0.0285208932124696,0.013707716117621048,0.007406588547424276,0.025867786867123592,0.0008843687817820031,0.0006632765863365023
0.04241272381714514,0.005501650495148545,0.0013003901170351106,0.09502850855256577,0.0014004201260378114,0.06822046613984195,0.4220266079823947,0.0034010203060918275,0.3351005301590477,0.0024007202160648195,0.0005001500450135041,0.001100330099029709,0.017705311593478042,0.0031009302790837253,0.0008002400720216065,0.0,0.0
0.006540787362705171,0.030852770578797976,0.008638775762063433,0.01098358632605208,0.0018511662347278786,0.01740096260644206,0.009872886585215353,0.7089966679007775,0.18326545723805998,0.002715043810934222,0.0017277551524126867,0.0055534987041836355,0.005800320868814019,0.004813032210292484,0.0006170554115759595,0.0001234110823151919,0.0002468221646303838
0.01824852756589746,0.010958771845128898,0.02138650188278459,0.027775095748447106,0.00654951562550288,0.010331176981751473,0.05373177561069808,0.010508190917575875,0.806346754208104,0.00603456599401371,0.006227672105822149,0.01309903125100576,0.00823919410382672,0.0004988574555051334,1.6092175984036562e-05,1.6092175984036562e-05,3.2184351968073124e-05
0.02453385672227674,0.04072620215897939,0.021099116781157997,0.019136408243375858,0.0068694798822374874,0.03042198233562316,0.014720314033366046,0.006378802747791953,0.2998037291462218,0.47791952894995093,0.008341511285574092,0.020117762512266928,0.005397448478900883,0.002944062806673209,0.020608439646712464,0.0,0.0009813542688910696
0.04648390941597139,0.03098927294398093,0.0166865315852205,0.03694874851013111,0.014302741358760428,0.035160905840286055,0.0077473182359952325,0.007151370679380214,0.3730631704410012,0.016090584028605484,0.35220500595947557,0.021454112038140644,0.0077473182359952325,0.01132300357568534,0.007151370679380214,0.0,0.015494636471990465
0.02364465461915217,0.023306873838878566,0.030906941395034623,0.038338118561053874,0.0035466981928728254,0.024489106569836175,0.003040027022462422,0.007262286775882453,0.4902888025671339,0.009457861847660868,0.008951190677250465,0.31160276980239826,0.01266677926026009,0.00979564262793447,0.0021955750717784156,0.0,0.0005066711704104037
0.006301112749698351,0.0002681324574339724,0.005764847834830406,0.009786834696339992,0.0005362649148679448,0.010993430754792867,0.026142914599812307,0.01729454350449122,0.23609062877061268,0.0005362649148679448,0.0017428609733208206,0.00563078160611342,0.621531036331948,0.05738034589087009,0.0,0.0,0.0
0.03151790216843167,0.011094301563287948,0.008068582955118508,0.01714573877962683,0.002017145738779627,0.011598587997982855,0.006051437216338881,0.008572869389813415,0.1588502269288956,0.0030257186081694403,0.004286434694906707,0.009077155824508321,0.06580937972768533,0.6583459404942007,0.002017145738779627,0.0017650025214321734,0.0007564296520423601
0.05794392523364486,0.08411214953271028,0.05420560747663551,0.022429906542056073,0.06542056074766354,0.23551401869158878,0.052336448598130844,0.003738317757009346,0.17196261682242991,0.09345794392523364,0.052336448598130844,0.020560747663551402,0.007476635514018692,0.018691588785046728,0.05794392523364486,0.0,0.001869158878504673
0.02727272727272727,0.02727272727272727,0.0,0.0,0.03636363636363636,0.07272727272727272,0.0,0.00909090909090909,0.06363636363636363,0.0,0.0,0.0,0.0,0.045454545454545456,0.00909090909090909,0.7090909090909091,0.0
0.12582781456953643,0.033112582781456956,0.0,0.052980132450331126,0.006622516556291391,0.046357615894039736,0.013245033112582781,0.019867549668874173,0.18543046357615894,0.026490066225165563,0.10596026490066225,0.006622516556291391,0.0,0.0,0.0,0.0,0.37748344370860926
